function junk

%%
ELong = 990.934271547692;
r = 6.74;
t = .1;

k = 175702.26;
y_bar = 6.58277688327013; % 6.74;

EIzz = k*(r - y_bar)^2 + ELong*(pi*r^3*t + 2*pi*r*t*y_bar^2)
EIyy = ELong*pi*r^3*t






end