% Cable stiffness directly from test
% June 10, 2016

% Displacment
d = [0.0000000000	0.0000000000	-0.0073930000	0.0000000000	-0.0009761700	-0.0055581000	-0.0037729000	-0.0086471000	-0.0012024000	-0.0081489000	-0.0085213000	-0.0092521000	0.0000000000	-0.0061467000	0.0000000000	-0.0029803000
    0.0075750000	0.0031976000	-0.0037715000	0.0021913000	0.0021456000	-0.0002233500	-0.0001553600	0.0000000000	0.0107850000	-0.0052621000	0.0011638000	0.0002022200	0.0054637000	-0.0030423000	0.0014655000	0.0001236600
    0.0134440000	0.0154250000	0.0008605500	0.0104560000	0.0099715000	0.0003279100	0.0001348500	0.0024739000	0.0193590000	0.0066454000	0.0048514000	0.0073136000	0.0144880000	0.0005800000	0.0121570000	0.0020835000
    0.0172010000	0.0199730000	0.0115390000	0.0143930000	0.0130090000	0.0007999200	0.0040704000	0.0086803000	0.0256390000	0.0192470000	0.0071336000	0.0081749000	0.0161920000	0.0161500000	0.0168890000	0.0075610000
    0.0233590000	0.0284200000	0.0143810000	0.0187770000	0.0172990000	0.0056049000	0.0097855000	0.0141320000	0.0282100000	0.0308140000	0.0139100000	0.0119060000	0.0252460000	0.0176030000	0.0233890000	0.0082257000
    0.0333890000	0.0352350000	0.0173650000	0.0263770000	0.0276160000	0.0115500000	0.0140140000	0.0194360000	0.0302600000	0.0320640000	0.0198630000	0.0189770000	0.0298060000	0.0214380000	0.0317530000	0.0176740000
    0.0429010000	0.0495000000	0.0177100000	0.0297120000	0.0356430000	0.0162910000	0.0231250000	0.0291740000	0.0347340000	0.0392620000	0.0227270000	0.0294630000	0.0364350000	0.0248850000	0.0371090000	0.0208200000
    0.0520060000	0.0569730000	0.0285370000	0.0353080000	0.0367390000	0.0259000000	0.0297620000	0.0343900000	0.0467960000	0.0550490000	0.0282090000	0.0357210000	0.0469360000	0.0278630000	0.0427290000	0.0310350000
    0.0560850000	0.0643230000	0.0393850000	0.0425980000	0.0499850000	0.0347930000	0.0421170000	0.0404610000	0.0517020000	0.0594840000	0.0309900000	0.0384440000	0.0542500000	0.0362320000	0.0474020000	0.0391150000
    0.0595600000	0.0733860000	0.0431150000	0.0477560000	0.0543800000	0.0440170000	0.0471950000	0.0464760000	0.0629290000	0.0721100000	0.0360030000	0.0447680000	0.0593230000	0.0394920000	0.0568990000	0.0454010000
    0.0650990000	0.0788910000	0.0440310000	0.0552680000	0.0625100000	0.0471840000	0.0572640000	0.0534000000	0.0678510000	0.0770580000	0.0408710000	0.0476230000	0.0637420000	0.0433570000	0.0643130000	0.0522430000
    0.0704950000	0.0871980000	0.0459250000	0.0579680000	0.0649540000	0.0544430000	0.0619880000	0.0613200000	0.0684700000	0.0850230000	0.0502820000	0.0569900000	0.0721830000	0.0493050000	0.0696360000	0.0564230000
    0.0773230000	0.0948730000	0.0506730000	0.0656610000	0.0715040000	0.0583540000	0.0688050000	0.0665420000	0.0790300000	0.0910330000	0.0539120000	0.0599600000	0.0751530000	0.0530440000	0.0736100000	0.0628200000
    0.0824310000	0.1019200000	0.0580440000	0.0682380000	0.0778480000	0.0643920000	0.0752800000	0.0722710000	0.0855920000	0.1077200000	0.0646490000	0.0648650000	0.0848200000	0.0584330000	0.0747440000	0.0705060000
    0.0893860000	0.1106200000	0.0615790000	0.0723480000	0.0821360000	0.0687450000	0.0805420000	0.0778670000	0.0918520000	0.1091700000	0.0677400000	0.0739360000	0.0852870000	0.0643190000	0.0824350000	0.0822920000
    0.0928320000	0.1134700000	0.0636420000	0.0757260000	0.0853370000	0.0746770000	0.0867500000	0.0829600000	0.0949060000	0.1145700000	0.0679540000	0.0765400000	0.0858520000	0.0708970000	0.0955040000	0.0879710000
    0.0991140000	0.1197400000	0.0727820000	0.0822650000	0.0933650000	0.0788140000	0.0903970000	0.0884440000	0.0998820000	0.1196500000	0.0740210000	0.0829670000	0.0924680000	0.0747490000	0.1044100000	0.0903910000
    0.1016400000	0.1295600000	0.0753910000	0.0868350000	0.0987020000	0.0814690000	0.0964470000	0.0939800000	0.1025300000	0.1242400000	0.0789970000	0.0903940000	0.1035400000	0.0863050000	0.1091900000	0.0936270000
    0.1042600000	0.1338800000	0.0772080000	0.0904320000	0.1045100000	0.0870930000	0.1016700000	0.0972550000	0.1064200000	0.1362700000	0.0817640000	0.0924530000	0.1074100000	0.0890180000	0.1144900000	0.1003900000
    0.1110200000	0.1348200000	0.0822180000	0.0932730000	0.1074200000	0.0921040000	0.1040900000	0.1024100000	0.1177800000	0.1403500000	0.0847700000	0.0965730000	0.1093600000	0.0930790000	0.1165000000	0.1097300000
    0.1138900000	0.1394900000	0.0882690000	0.1023100000	0.1105700000	0.0966750000	0.1116000000	0.1066700000	0.1254600000	0.1494900000	0.0872440000	0.0978000000	0.1170100000	0.0955960000	0.1257500000	0.1140800000
    0.1176000000	0.1502000000	0.0933740000	0.1040900000	0.1173600000	0.0996840000	0.1150700000	0.1130700000	0.1269300000	0.1533800000	0.0919050000	0.1064700000	0.1218100000	0.1045500000	0.1332700000	0.1175700000
    0.1224100000	0.1548900000	0.0969850000	0.1092000000	0.1205000000	0.1028600000	0.1227800000	0.1190300000	0.1334300000	0.1572000000	0.0944680000	0.1137700000	0.1294200000	0.1089700000	0.1371700000	0.1218700000
    0.1260600000	0.1586500000	0.1051700000	0.1123500000	0.1253200000	0.1084200000	0.1282500000	0.1235900000	0.1375700000	0.1615400000	0.1028400000	0.1184000000	0.1376300000	0.1186500000	0.1420700000	0.1345100000
    0.1295500000	0.1628900000	0.1086900000	0.1131400000	0.1259600000	0.1104000000	0.1314900000	0.1284300000	0.1408300000	0.1655300000	0.1070200000	0.1250600000	0.1415200000	0.1189500000	0.1454200000	0.1371200000
    0.1344500000	0.1672300000	0.1102000000	0.1207300000	0.1327200000	0.1159400000	0.1380800000	0.1333100000	0.1426500000	0.1748500000	0.1085500000	0.1273400000	0.1440000000	0.1209800000	0.1520800000	0.1434900000
    0.1357700000	0.1707200000	0.1151000000	0.1250600000	0.1382500000	0.1195400000	0.1414600000	0.1374500000	0.1430500000	0.1769300000	0.1181300000	0.1296100000	0.1538600000	0.1249800000	0.1534700000	0.1463500000
    0.1419800000	0.1785700000	0.1215200000	0.1252500000	0.1400800000	0.1237500000	0.1446200000	0.1433400000	0.1457800000	0.1864300000	0.1216100000	0.1400100000	0.1572400000	0.1278300000	0.1645900000	0.1508900000
    0.1441200000	0.1802400000	0.1226100000	0.1321900000	0.1441700000	0.1249000000	0.1502600000	0.1475100000	0.1510400000	0.1936400000	0.1243800000	0.1409600000	0.1613200000	0.1407500000	0.1715400000	0.1620200000
    0.1472100000	0.1832600000	0.1253100000	0.1355500000	0.1500800000	0.1273100000	0.1540600000	0.1517000000	0.1559500000	0.1950600000	0.1293800000	0.1439500000	0.1672200000	0.1497800000	0.1773100000	0.1663700000
    0.1490700000	0.1881500000	0.1312500000	0.1389600000	0.1531600000	0.1323600000	0.1558200000	0.1554900000	0.1571700000	0.2029200000	0.1339900000	0.1550100000	0.1724400000	0.1539800000	0.1781100000	0.1668500000
    0.1548200000	0.1977400000	0.1349500000	0.1408400000	0.1572400000	0.1337600000	0.1611600000	0.1589700000	0.1609800000	0.2030800000	0.1377100000	0.1582900000	0.1745300000	0.1580000000	0.1836900000	0.1776900000
    0.1574000000	0.1990000000	0.1383900000	0.1464500000	0.1611400000	0.1415000000	0.1656200000	0.1656800000	0.1635700000	0.2065900000	0.1446000000	0.1599400000	0.1762100000	0.1594900000	0.1887300000	0.1813500000
    0.1597900000	0.2015800000	0.1385300000	0.1493400000	0.1652000000	0.1417300000	0.1714600000	0.1664200000	0.1669400000	0.2187600000	0.1480900000	0.1602700000	0.1793700000	0.1602500000	0.2004600000	0.1910100000
    0.1650700000	0.2053400000	0.1434800000	0.1510400000	0.1697000000	0.1465000000	0.1726700000	0.1724500000	0.1741300000	0.2268700000	0.1557700000	0.1629200000	0.1852900000	0.1708600000	0.2019100000	0.1938300000
    0.1681300000	0.2076700000	0.1447700000	0.1570700000	0.1747400000	0.1499400000	0.1741100000	0.1740500000	0.1798100000	0.2291400000	0.1585600000	0.1661600000	0.1886600000	0.1710000000	0.2074500000	0.1981400000
    0.1712800000	0.2109800000	0.1502300000	0.1597300000	0.1752900000	0.1539100000	0.1829600000	0.1820000000	0.1825600000	0.2333600000	0.1605600000	0.1673700000	0.1926900000	0.1749300000	0.2127300000	0.2016600000
